pred: -1.0653572082519531, -0.7887169122695923, 5.757532596588135, 2.7816684246063232, 10.25022029876709, -3.614685297012329, -1.4160693883895874, -0.3947022259235382, 2.5912058353424072, 14.673112869262695, -4.340209007263184, -0.9597784280776978, -0.23662418127059937, -1.0540441274642944, -4.5855865478515625, 6.130484104156494, 5.403080940246582, -12.945975303649902, 4.429023742675781, -5.482817649841309, 4.939925193786621, 4.187068939208984, 13.071940422058105, 2.3466734886169434, 5.876682281494141
true: 0.05467185378074646, 0.015228603035211563, 6.751214981079102, 3.4095826148986816, 10.726492881774902, -4.406623840332031, -2.0558958053588867, -1.6204439401626587, 3.2103824615478516, 15.232476234436035, -3.558079957962036, -2.1060264110565186, -0.4171452522277832, -0.38017380237579346, -3.45544695854187, 6.124526500701904, 4.777598857879639, -12.489065170288086, 4.822659492492676, -5.749683856964111, 5.17254114151001, 2.6676533222198486, 12.020111083984375, 1.191767930984497, 6.884589195251465
-------------
pred: -1.9118691682815552, -5.842875003814697, -1.2630552053451538, 2.944838047027588, -0.9046127796173096, -11.28972339630127, -7.068822383880615, 0.26098114252090454, 1.6865813732147217, -7.290210723876953, -4.086435317993164, 3.1905152797698975, -4.249869346618652, -5.077707767486572, -12.114501953125, 13.027467727661133, 2.31327223777771, -10.323588371276855, -9.86884593963623, -3.8941221237182617, 1.153504490852356, 4.423765659332275, 8.782156944274902, 9.021125793457031, -2.0782220363616943
true: -0.3840852379798889, -4.296783447265625, -1.686557650566101, 3.720158100128174, -1.6831086874008179, -12.733980178833008, -7.336520671844482, 0.1378113478422165, 2.0707242488861084, -6.659863471984863, -3.1925063133239746, 3.0358240604400635, -5.012148857116699, -5.189095497131348, -12.739845275878906, 13.128434181213379, 2.3067870140075684, -9.891809463500977, -10.485320091247559, -3.417867660522461, 0.11657926440238953, 4.262400150299072, 8.53424072265625, 7.964724540710449, -2.3575143814086914
-------------
pred: -1.2249977588653564, 2.458728313446045, -1.554551124572754, 3.3834314346313477, 1.9383515119552612, 4.256397247314453, -2.0163891315460205, 5.012007713317871, 13.174941062927246, -9.055583000183105, 2.6931278705596924, -5.912201404571533, -8.740238189697266, 2.900148391723633, -6.68730354309082, 8.7278413772583, 1.5115184783935547, 5.293013095855713, 5.980856895446777, -5.315634727478027, 4.133897304534912, -4.235866546630859, 5.936573028564453, -1.5762832164764404, -11.355697631835938
true: -0.3003966808319092, 1.8297101259231567, -0.07685082405805588, 3.4256129264831543, 1.4440094232559204, 5.19953727722168, -1.5723366737365723, 5.979104042053223, 11.981897354125977, -10.430813789367676, 2.7242298126220703, -6.531458377838135, -9.91847038269043, 3.6587576866149902, -5.470590114593506, 8.076213836669922, 2.180248498916626, 4.971321105957031, 5.406930923461914, -4.193272113800049, 5.000391960144043, -5.009816646575928, 6.742185592651367, -2.3847036361694336, -11.373208045959473
-------------
pred: -0.6813873052597046, -3.352468252182007, 11.473639488220215, -12.886590003967285, -5.791074275970459, 5.013326644897461, 0.8479228019714355, 2.1200599670410156, 11.038273811340332, -2.708146572113037, -5.708156108856201, 2.296255350112915, -5.836126804351807, -8.846555709838867, -3.490718126296997, 4.154016494750977, 1.1929079294204712, 0.3464187979698181, -2.8669164180755615, -0.17976343631744385, 5.470338821411133, 1.4752552509307861, 9.229671478271484, 0.859246015548706, 1.1435917615890503
true: 0.13319537043571472, -3.412668466567993, 12.338021278381348, -12.478504180908203, -6.783946990966797, 5.891446590423584, 1.2103873491287231, 2.4146740436553955, 11.382280349731445, -2.272010087966919, -6.154994487762451, 2.8220131397247314, -4.630025863647461, -7.763346195220947, -3.299542188644409, 3.1869025230407715, -0.7772786617279053, -0.10669562220573425, -2.589488983154297, -1.6729753017425537, 5.622621059417725, 0.28901639580726624, 9.163700103759766, 1.9054054021835327, 0.027646027505397797
-------------
pred: -11.168471336364746, 1.1258153915405273, -7.219664096832275, -4.832209587097168, 0.6070116758346558, -11.539299011230469, 1.244921326637268, 15.522478103637695, 4.3072662353515625, 0.20405679941177368, 2.375837802886963, -2.077213764190674, -0.10944657772779465, -14.400128364562988, -2.3195104598999023, -8.133577346801758, -0.7237685918807983, 0.23182865977287292, 14.42805004119873, 9.369795799255371, -1.9041403532028198, -17.1896915435791, -1.794750690460205, -5.39842414855957, 1.736922025680542
true: -9.864838600158691, -0.049442093819379807, -7.186923980712891, -5.50828218460083, 1.9208970069885254, -11.274348258972168, 0.886185884475708, 15.548778533935547, 3.794191837310791, 0.1061716079711914, 3.1003775596618652, -1.7046804428100586, -1.3536055088043213, -14.21580696105957, -3.3708128929138184, -8.20938491821289, 0.041789256036281586, -1.5114697217941284, 13.294244766235352, 10.736693382263184, -2.1335692405700684, -16.097400665283203, -1.8995938301086426, -4.730215072631836, 2.1593875885009766
-------------
pred: -11.062370300292969, -4.212127208709717, 4.219207763671875, 11.518386840820312, 4.3117475509643555, 2.6617214679718018, 0.7116409540176392, 11.744009017944336, 1.7892557382583618, -4.775118350982666, 0.05724245309829712, 12.158453941345215, 3.2552056312561035, 5.953404426574707, -2.554368734359741, -0.6018495559692383, 2.887329339981079, -0.9915286898612976, 4.781004428863525, -11.672534942626953, 8.021380424499512, -6.02124547958374, -1.6370400190353394, -3.4002435207366943, -1.2435861825942993
true: -11.63606071472168, -4.945615291595459, 4.00753927230835, 11.706871032714844, 5.679483413696289, 2.5991554260253906, 1.2815964221954346, 12.431718826293945, 2.3988404273986816, -5.021766185760498, 0.7463482618331909, 12.966049194335938, 2.9902896881103516, 5.995072841644287, -2.812256097793579, -1.6479965448379517, 2.641091823577881, -1.0876507759094238, 5.626810550689697, -11.705585479736328, 7.183605670928955, -5.991969108581543, -1.5144023895263672, -2.541567325592041, -1.833219289779663
-------------
pred: 1.1314213275909424, -4.677970886230469, 1.828072190284729, -0.9245392680168152, -4.9895429611206055, -8.668209075927734, 10.38058090209961, -5.138443946838379, -3.5402841567993164, 3.5409858226776123, 2.4787447452545166, 5.243997573852539, -4.437664031982422, -1.1729696989059448, 2.5982284545898438, 5.655115604400635, 7.264283657073975, -10.814529418945312, 8.038802146911621, -2.827725887298584, 1.2229374647140503, 2.0304360389709473, 2.8006443977355957, 7.706936359405518, -8.105229377746582
true: 0.6033931970596313, -5.280118942260742, 1.3415946960449219, -1.9194879531860352, -5.758228778839111, -6.519806861877441, 9.666674613952637, -4.119641304016113, -4.629344463348389, 2.905489921569824, 2.898273468017578, 6.41257381439209, -3.453134059906006, -0.7261408567428589, 1.854716181755066, 5.930027961730957, 6.700240612030029, -10.333883285522461, 7.211582660675049, -2.699086904525757, 0.2816798985004425, 2.867213726043701, 3.9623401165008545, 7.422530651092529, -9.167099952697754
-------------
pred: -3.3256044387817383, -7.718297958374023, 1.066207766532898, -3.1479945182800293, -0.579871416091919, 1.721150517463684, 1.7945904731750488, 1.6260056495666504, -17.794626235961914, 12.398568153381348, -13.280314445495605, -6.5218682289123535, 5.415267467498779, 6.937876224517822, 0.7700210809707642, 6.096954822540283, 4.198977947235107, -1.2058578729629517, -3.8394508361816406, 9.35374927520752, -9.564711570739746, -3.43489933013916, -1.3985408544540405, -1.1500755548477173, 0.9543483257293701
true: -3.4910225868225098, -7.14849328994751, 1.4100080728530884, -2.5799248218536377, 0.5851890444755554, 2.47301983833313, 1.9517710208892822, 0.7915788888931274, -18.04705047607422, 12.863855361938477, -12.924086570739746, -6.353924751281738, 5.099887847900391, 8.316618919372559, 1.274420142173767, 5.3624677658081055, 4.380905628204346, -1.771829605102539, -2.969383716583252, 9.445773124694824, -9.20681381225586, -4.9353251457214355, -2.1828503608703613, -2.1181697845458984, 0.7425205111503601
-------------
pred: -1.2480130195617676, -8.037198066711426, 3.3357889652252197, 8.440972328186035, 2.2661478519439697, -7.094470024108887, 3.2318079471588135, 4.9704461097717285, -2.52392578125, 3.893319606781006, 11.284503936767578, 1.5401164293289185, 8.545537948608398, -2.631038188934326, 9.312494277954102, -0.979274332523346, -2.7469093799591064, -4.820518970489502, 7.4040727615356445, -10.042715072631836, 3.096552848815918, -8.127203941345215, -1.0994526147842407, -2.2906758785247803, 9.428698539733887
true: 0.4931471645832062, -7.666374683380127, 3.0104010105133057, 9.125234603881836, 1.5623960494995117, -7.010321617126465, 4.813270092010498, 4.216385841369629, -3.0973947048187256, 4.231771945953369, 11.706832885742188, 0.902555525302887, 8.471200942993164, -2.2057044506073, 9.070114135742188, -1.352845549583435, -3.142772674560547, -4.478439807891846, 6.039597511291504, -10.735390663146973, 2.5947747230529785, -8.009499549865723, -1.7199610471725464, -3.2991621494293213, 10.20151138305664
-------------
pred: -10.95506477355957, -5.505580425262451, -10.444343566894531, -10.606423377990723, -1.8344694375991821, 1.6094027757644653, 2.3317768573760986, 5.67403507232666, -2.0431342124938965, -10.093132019042969, 10.030240058898926, 7.754283905029297, 3.4707276821136475, -3.697099208831787, 0.39448845386505127, 0.6067976951599121, -0.9789943099021912, -13.763751029968262, 4.676013946533203, 7.305238246917725, 0.6842201948165894, 5.6582112312316895, -4.552174091339111, 8.535282135009766, 1.2478842735290527
true: -11.122565269470215, -4.874104976654053, -10.214256286621094, -11.11739444732666, -1.8063594102859497, 0.9530565738677979, 2.886883020401001, 6.38227653503418, -3.410433769226074, -10.81425952911377, 10.327926635742188, 7.5971198081970215, 2.747539758682251, -3.780585289001465, 0.06962256133556366, -0.057840414345264435, -1.421105146408081, -12.777853012084961, 4.968482971191406, 8.391563415527344, 1.7228318452835083, 5.677314281463623, -4.726388454437256, 8.736448287963867, 1.540642499923706
-------------
pred: -1.355640172958374, -10.295032501220703, -2.5190913677215576, 2.127075672149658, 3.627821445465088, -2.699146032333374, 0.6067664623260498, 3.9348883628845215, 0.3478882908821106, 1.2113299369812012, -1.4362508058547974, -0.27766120433807373, 11.974658966064453, -5.661043167114258, -2.4577488899230957, 4.255234718322754, -1.566032886505127, -3.516615629196167, 16.087261199951172, -9.71337890625, -5.5256876945495605, -0.02743580937385559, -1.058534860610962, 1.1126501560211182, -3.153324842453003
true: -1.1148940324783325, -10.319343566894531, -1.5398132801055908, 1.7770191431045532, 2.400545597076416, -3.3930187225341797, 1.1483932733535767, 2.862889528274536, 1.6477347612380981, 1.9967575073242188, -1.689884901046753, -2.0505268573760986, 11.50390338897705, -5.4215874671936035, -1.6771154403686523, 4.2262115478515625, -1.750950813293457, -3.1754207611083984, 15.799196243286133, -9.915599822998047, -5.4042253494262695, -1.3711278438568115, -1.6242990493774414, 1.4631648063659668, -2.5314273834228516
-------------
pred: -4.071773052215576, 2.572761297225952, -3.513828992843628, 5.865565776824951, -5.86593770980835, -1.388152837753296, 0.5954462885856628, 4.579553604125977, -11.364121437072754, 2.6436588764190674, -8.387747764587402, -1.008154034614563, 4.200564384460449, 7.996484756469727, -0.25768837332725525, 2.043696880340576, 3.082414150238037, -1.4676822423934937, 10.505127906799316, 1.2136814594268799, -7.1614155769348145, -0.8475822806358337, -1.9302208423614502, 8.417709350585938, -5.302606582641602
true: -3.6640970706939697, 1.9507136344909668, -3.3953380584716797, 6.130522727966309, -4.933846950531006, -0.44371986389160156, -0.3239562213420868, 3.8492960929870605, -11.689908027648926, 1.6968458890914917, -7.720130443572998, 0.36896979808807373, 4.234381198883057, 7.545360088348389, -1.4500417709350586, 1.6688555479049683, 2.0699567794799805, -1.788243293762207, 11.009932518005371, 0.8062418103218079, -7.533288955688477, -0.3551955223083496, -0.5215508341789246, 9.101553916931152, -5.016018390655518
-------------
pred: 3.470381259918213, -5.720109939575195, 2.0486998558044434, 1.0840141773223877, -4.386562824249268, -10.610465049743652, 0.10079401731491089, 2.8148980140686035, -1.2468417882919312, 10.263402938842773, 9.922235488891602, -6.838602542877197, -6.294773101806641, -10.452958106994629, 0.490813672542572, -4.9585957527160645, 10.042886734008789, -7.587395191192627, -2.5255794525146484, -0.7623798251152039, 1.9191386699676514, -1.3235979080200195, -7.92185115814209, 7.363224983215332, 10.581308364868164
true: 3.5486791133880615, -5.990110397338867, 1.5675173997879028, 1.4401285648345947, -3.8020105361938477, -10.780909538269043, -0.44627538323402405, 1.8478790521621704, -0.8507689237594604, 9.896465301513672, 9.78520393371582, -6.672199249267578, -4.568424701690674, -11.10639762878418, 0.6492130756378174, -4.299229145050049, 11.515286445617676, -7.773789405822754, -2.1116340160369873, -0.9653728604316711, 2.255574941635132, -1.4348211288452148, -8.59311294555664, 7.789440155029297, 10.60999584197998
-------------
pred: 3.408785104751587, -7.127638816833496, 1.2818107604980469, -3.876426935195923, 1.465045690536499, 7.546416759490967, 5.0618205070495605, 2.3100244998931885, 7.282675266265869, 7.071229934692383, -1.0908316373825073, 0.014093458652496338, 2.276726245880127, 0.5452378988265991, 6.1691155433654785, 3.3606808185577393, 1.7459168434143066, -5.348232746124268, -15.276992797851562, 1.6361145973205566, 2.1749191284179688, -3.2640349864959717, 2.081127643585205, 1.1305737495422363, 7.8634843826293945
true: 4.6265645027160645, -7.590214729309082, 1.0197638273239136, -4.2775349617004395, 0.18531110882759094, 7.771210193634033, 5.837973594665527, 2.016716957092285, 7.253777027130127, 8.389541625976562, -0.5825387239456177, 0.413009911775589, 1.841569185256958, 1.6101800203323364, 6.152258396148682, 2.8353567123413086, 0.5145645141601562, -4.09821891784668, -15.754265785217285, 1.1005661487579346, 2.523801565170288, -3.8586080074310303, 2.1983253955841064, -0.013005401939153671, 8.442441940307617
-------------
pred: 2.8475561141967773, 1.5552369356155396, -1.2703255414962769, 0.2288939207792282, 0.2127039134502411, 0.0907878577709198, -0.9938111305236816, 6.885516166687012, 1.598980188369751, 2.8292784690856934, -4.508860111236572, -3.941995620727539, 9.367708206176758, 12.813450813293457, -6.310503959655762, -5.641723155975342, -4.831119537353516, -6.083414077758789, -2.707282066345215, 11.503031730651855, -6.674245834350586, -10.179001808166504, -0.7076835632324219, 8.021516799926758, 6.088961601257324
true: 2.438441514968872, 2.2221856117248535, -2.599973440170288, -0.2538606822490692, 0.3163372874259949, 0.2579822540283203, -0.464734822511673, 6.281856060028076, 1.9422612190246582, 1.6039308309555054, -5.938412189483643, -3.384312629699707, 10.267045974731445, 12.425338745117188, -6.850386619567871, -5.700237274169922, -5.161083221435547, -4.584996223449707, -3.282357692718506, 10.665733337402344, -6.459964275360107, -11.561655044555664, -1.3354213237762451, 8.857587814331055, 6.306301116943359
-------------
pred: 1.6572057008743286, -1.0963373184204102, -1.4660935401916504, 5.313846588134766, -0.9548511505126953, -1.489461064338684, 2.09757661819458, -4.0803046226501465, 3.331942558288574, 0.903103768825531, 8.231395721435547, -1.109769344329834, 3.7946972846984863, 1.5142968893051147, -4.129887580871582, 5.63360071182251, 2.0036401748657227, -0.7689439654350281, -11.8233060836792, 1.0813173055648804, -2.382108449935913, -1.7082130908966064, 3.0672237873077393, 2.7935004234313965, 3.3422491550445557
true: 1.400929570198059, -1.0331940650939941, -1.5626548528671265, 5.704376220703125, -0.8956301808357239, -1.017604112625122, 2.606955051422119, -3.908439874649048, 2.5422253608703613, 0.03131765499711037, 7.417861461639404, -0.28732162714004517, 3.431654453277588, 0.9643683433532715, -4.724308967590332, 4.885950088500977, 0.6901627779006958, -2.008512020111084, -11.540980339050293, 1.6887789964675903, -1.584876298904419, -1.6990352869033813, 2.3478031158447266, 3.0264246463775635, 3.7739319801330566
-------------
pred: 7.346680164337158, -3.0106701850891113, -1.1963725090026855, 7.412714958190918, -4.200771808624268, 6.19224214553833, -11.24416446685791, 2.405797004699707, -11.586874961853027, -3.5141379833221436, -6.394098281860352, 15.397896766662598, 0.931002140045166, -7.992530345916748, -11.279037475585938, -6.22333288192749, 7.2590861320495605, -8.286925315856934, -3.4978673458099365, 3.9655561447143555, 0.23718637228012085, -0.5712675452232361, -4.230263710021973, 3.089987277984619, 4.221135139465332
true: 6.574748992919922, -3.1342852115631104, -0.7019324898719788, 7.052220821380615, -5.367781639099121, 6.247618198394775, -11.407915115356445, 2.643303871154785, -10.91071605682373, -2.9858648777008057, -6.8274359703063965, 14.894758224487305, 1.8752681016921997, -9.491911888122559, -11.606249809265137, -6.181996822357178, 5.962967872619629, -9.255350112915039, -4.902403354644775, 4.5984368324279785, 1.0033342838287354, -0.0657835453748703, -3.0500078201293945, 3.3590683937072754, 4.659332275390625
-------------
pred: -0.11418554186820984, 1.5394840240478516, 8.333621978759766, 2.4347641468048096, 9.8018798828125, 6.566509246826172, -6.3599324226379395, 3.4401209354400635, -7.173104286193848, 11.316825866699219, 10.395220756530762, -9.058879852294922, 5.2833051681518555, -7.99915885925293, -2.2909722328186035, -1.5982460975646973, -2.9665639400482178, -0.8200778961181641, 2.142982006072998, 3.095970630645752, -6.050838947296143, -2.5482053756713867, 9.181859970092773, -5.5865302085876465, -6.291601657867432
true: 0.765955924987793, 1.9264470338821411, 8.321305274963379, 1.243379831314087, 9.757537841796875, 7.063571453094482, -6.227009296417236, 4.974969863891602, -7.534684658050537, 12.25141429901123, 9.456229209899902, -8.803886413574219, 6.306628704071045, -7.024375915527344, -2.2870571613311768, -1.2051429748535156, -3.3942341804504395, 0.008585684932768345, 2.953185558319092, 2.7999629974365234, -7.373350620269775, -2.933093547821045, 9.742544174194336, -5.538808345794678, -7.34181547164917
-------------
pred: 2.3948476314544678, -8.182755470275879, 3.5226497650146484, 3.9501256942749023, -7.591684341430664, 8.828727722167969, -2.4645278453826904, -0.7193435430526733, -7.121070861816406, -0.20038571953773499, -4.12249231338501, 2.105476140975952, -1.9360941648483276, 9.152053833007812, 4.237429618835449, 2.919093608856201, 0.8183102607727051, -3.92354154586792, -13.577248573303223, -3.2998416423797607, -8.167152404785156, -7.201009273529053, 13.546120643615723, 3.9778988361358643, 4.5500383377075195
true: 1.5608338117599487, -8.677117347717285, 3.4482879638671875, 3.2350103855133057, -8.40848159790039, 9.253520011901855, -3.64811110496521, -1.6994400024414062, -8.187250137329102, -0.9405887126922607, -4.595571041107178, 2.4354264736175537, -3.1976516246795654, 9.375200271606445, 5.325223922729492, 2.7312958240509033, -0.12266793847084045, -4.672911643981934, -13.648313522338867, -3.750908136367798, -9.126420021057129, -7.457990646362305, 12.582418441772461, 5.152239799499512, 3.8728880882263184
-------------
pred: -1.2931398153305054, 11.00506591796875, 3.66690993309021, -6.723336696624756, -7.7696146965026855, 4.867574691772461, 4.762781143188477, 7.95100212097168, -0.6638877391815186, 8.40969467163086, 4.626254081726074, 3.4782674312591553, -10.352495193481445, 3.253333330154419, 2.420738458633423, 0.8721874356269836, -0.6920220851898193, -1.7764918804168701, 10.180868148803711, 6.42917537689209, 4.985464572906494, -0.2534818947315216, -5.535678863525391, -4.834458827972412, -1.7455860376358032
true: -0.3450961410999298, 9.416482925415039, 4.004913806915283, -7.237496852874756, -7.843349933624268, 5.637233734130859, 4.83404016494751, 6.854409694671631, 0.008458254858851433, 8.447179794311523, 4.910797595977783, 3.713219165802002, -9.417118072509766, 2.2519290447235107, 2.733668327331543, 1.2951198816299438, -1.04401433467865, -2.5592143535614014, 9.017240524291992, 6.3514814376831055, 6.2617387771606445, -0.15637663006782532, -5.199792861938477, -5.543043613433838, -1.741232991218567
-------------
pred: 1.7478961944580078, -4.198714256286621, 0.9575272798538208, -2.0681402683258057, -1.529128909111023, 10.821763038635254, -0.4041807949542999, 0.19065111875534058, -7.096508979797363, -13.429272651672363, -4.592596054077148, -2.4931254386901855, 3.5056347846984863, -0.10266464948654175, 10.167542457580566, -4.957582473754883, -3.688567876815796, -1.3067939281463623, -2.654203176498413, 0.22182339429855347, 2.755347490310669, 0.30491191148757935, 9.055398941040039, -0.896305501461029, 4.291821002960205
true: 1.5737226009368896, -5.525153160095215, 0.2694408595561981, -2.8017594814300537, -0.1184639185667038, 11.231097221374512, -0.08378645032644272, 1.6098177433013916, -6.988569736480713, -12.686015129089355, -6.175497531890869, -2.4772002696990967, 2.969233989715576, 0.2971969246864319, 10.763322830200195, -6.042463779449463, -4.6473188400268555, -1.0049794912338257, -2.230376958847046, -0.24138730764389038, 1.9398064613342285, 0.2613299489021301, 9.774198532104492, -1.0071415901184082, 5.260147571563721
-------------
pred: 0.8630139231681824, -4.376619338989258, -4.536736011505127, -1.2473024129867554, 6.118597030639648, 0.454765647649765, -6.291454315185547, 2.715226173400879, 3.1444804668426514, -12.303625106811523, -13.116345405578613, -19.095947265625, 6.0387797355651855, -5.1621928215026855, -2.825944185256958, -0.7834877371788025, -2.7094106674194336, 0.417720228433609, -18.07996368408203, 0.1870155930519104, -6.940768241882324, -7.577476501464844, -2.5581984519958496, -1.1110308170318604, 1.1525027751922607
true: 1.2113392353057861, -4.026950359344482, -3.984863519668579, -1.3118033409118652, 6.496509075164795, 0.5472115278244019, -5.88705587387085, 3.0671656131744385, 3.101207971572876, -13.204421043395996, -15.220234870910645, -19.643047332763672, 6.467680931091309, -6.032893180847168, -3.085846185684204, -3.1013193130493164, -2.641826868057251, 1.1035298109054565, -16.676544189453125, -0.5947535634040833, -7.303370475769043, -8.424674034118652, -0.7680709958076477, -0.5454385280609131, 2.014504909515381
-------------
pred: 8.164992332458496, -0.7580661177635193, 0.10221025347709656, 1.2785139083862305, -12.925606727600098, 1.831170916557312, -4.292980670928955, 0.7777153849601746, -0.18404829502105713, 6.941751480102539, -0.07538717985153198, 5.762547016143799, 10.585399627685547, -3.090325355529785, -1.6579546928405762, 0.09070248901844025, -1.1530526876449585, -9.3314847946167, 4.614775657653809, -3.567690372467041, -4.386116981506348, -3.430952787399292, -0.3877917528152466, 4.916606426239014, -0.8173828125
true: 7.862195014953613, 0.5472267270088196, 0.09344827383756638, 2.0914134979248047, -14.1654691696167, 1.8650696277618408, -4.238149166107178, 0.6136334538459778, -1.1819298267364502, 5.616708755493164, -1.1735631227493286, 6.812239646911621, 11.49938678741455, -2.8205337524414062, -1.9888606071472168, 0.46091964840888977, -0.7256709337234497, -9.91271686553955, 4.664119720458984, -3.7429099082946777, -4.206915378570557, -3.037736177444458, -1.04095458984375, 5.305585861206055, 0.44935163855552673
-------------
pred: 3.775728464126587, 3.1424660682678223, -6.131268501281738, -3.5916614532470703, 10.119213104248047, -0.13595914840698242, -5.694225788116455, 2.9560787677764893, -0.35152655839920044, 2.9725680351257324, -2.930649518966675, -6.620288372039795, 5.258993625640869, -1.6431394815444946, 3.1120283603668213, -0.5316689014434814, -4.546554088592529, 11.130842208862305, -1.2832012176513672, 8.625763893127441, 4.188782691955566, -5.846149444580078, 2.7919416427612305, 0.2647484242916107, -8.433145523071289
true: 4.1677985191345215, 2.6478371620178223, -7.20825719833374, -3.998938798904419, 10.50634765625, 0.821457028388977, -4.79632043838501, 4.530429363250732, -0.5384910106658936, 2.2569422721862793, -2.141312837600708, -7.195368766784668, 3.5596764087677, -1.0267229080200195, 2.055476427078247, -0.982536256313324, -3.5311195850372314, 11.290715217590332, -1.9611009359359741, 8.235297203063965, 4.216673374176025, -5.342695236206055, 2.818171262741089, -0.2550369203090668, -9.073530197143555
-------------
pred: 1.263589859008789, 1.3429210186004639, -9.072941780090332, 1.4646621942520142, 4.521213531494141, 2.1899020671844482, -1.5507128238677979, 3.4933066368103027, -4.888099670410156, -6.6261420249938965, 9.256630897521973, 1.2736899852752686, -11.81734561920166, -0.569719672203064, -2.590867042541504, 8.541566848754883, -1.6850721836090088, 5.481895923614502, 3.4800169467926025, 2.144286870956421, -4.792200088500977, 2.4235775470733643, 1.230684518814087, -8.76417064666748, -0.2395693063735962
true: 2.0842885971069336, 1.475529670715332, -10.788912773132324, 1.4910565614700317, 3.8472349643707275, 2.2457706928253174, -2.999849796295166, 3.4070839881896973, -6.060420989990234, -6.2565789222717285, 8.176012992858887, 0.9546858668327332, -11.543164253234863, -1.4694054126739502, -3.0875511169433594, 9.069195747375488, -1.7225998640060425, 5.45462703704834, 4.189371585845947, 1.2441697120666504, -6.115640163421631, 2.337780237197876, 1.1896860599517822, -9.753246307373047, -0.41984230279922485
-------------
pred: 3.868957996368408, 11.22221565246582, 0.6063711643218994, 5.311966896057129, 1.140465497970581, -10.1017484664917, 1.123236060142517, 3.691399574279785, -11.190967559814453, 5.634577751159668, -8.072137832641602, -5.803520679473877, 6.236662864685059, 1.2809436321258545, -10.791040420532227, 7.556135177612305, 10.68433666229248, 3.122199773788452, 2.1087141036987305, 4.388260841369629, -4.47276496887207, 0.4662119150161743, -2.0842556953430176, -13.325315475463867, 2.316838026046753
true: 3.8351590633392334, 9.62685489654541, 1.1931219100952148, 4.296970367431641, -0.3518664836883545, -9.78610610961914, 0.7743744850158691, 4.830564975738525, -12.023841857910156, 5.365791320800781, -7.17066764831543, -5.610576629638672, 6.096516132354736, 2.191051721572876, -9.993703842163086, 8.12459945678711, 10.80875015258789, 4.237632751464844, 2.2865872383117676, 3.865027666091919, -3.6842894554138184, 0.07830488681793213, -2.7620973587036133, -14.622848510742188, 2.9120731353759766
-------------
pred: -4.7462639808654785, -6.1955180168151855, 1.2944912910461426, 1.1640701293945312, -5.518085956573486, 3.618793487548828, -1.0005881786346436, -1.3967564105987549, 0.5064256191253662, 4.41416072845459, 2.5391077995300293, -0.8111458420753479, 2.4201223850250244, 1.2923020124435425, -0.791951596736908, 1.6955586671829224, -4.708710193634033, 1.4127997159957886, -0.1816430389881134, -5.05180549621582, 4.799886703491211, 2.4732072353363037, -2.4908721446990967, 2.194031238555908, 14.672627449035645
true: -3.3470096588134766, -5.405597686767578, 1.413303256034851, 1.013860821723938, -5.203685760498047, 2.395937442779541, -1.5785471200942993, -2.4664173126220703, 0.674849808216095, 3.239119052886963, 2.9014008045196533, 0.9466497302055359, 2.101508378982544, 1.3887344598770142, -0.5047869086265564, 1.2040307521820068, -4.910984516143799, 1.9077879190444946, -1.4642682075500488, -4.283931255340576, 5.603476524353027, 2.4040141105651855, -2.213303804397583, 2.000349998474121, 14.295319557189941
-------------
pred: 4.558584213256836, -1.4529547691345215, 5.551874160766602, 1.2065086364746094, -8.633699417114258, -12.00709342956543, 3.8476674556732178, 1.202840805053711, 0.159189373254776, -4.400941848754883, -0.04004913568496704, -1.3804265260696411, 5.658707618713379, -8.901026725769043, -0.6850337386131287, 6.858936309814453, 4.032654285430908, -6.102349758148193, 9.702253341674805, -4.194839954376221, 3.2701058387756348, -6.762172222137451, -10.59852123260498, 3.4967947006225586, 6.208628177642822
true: 5.18540620803833, -1.4636353254318237, 5.501987934112549, 0.04015388339757919, -10.404879570007324, -12.291464805603027, 2.9623606204986572, 2.1178789138793945, 1.260867953300476, -3.7030065059661865, -1.191630244255066, -0.7701036930084229, 6.271681308746338, -7.677723407745361, -1.7636622190475464, 7.1101531982421875, 2.88163685798645, -6.704383850097656, 9.524617195129395, -5.028687477111816, 2.467393159866333, -7.158859729766846, -9.56930923461914, 3.2711148262023926, 6.32697868347168
-------------
pred: -4.498345851898193, 6.913027286529541, 9.81715202331543, 3.3240466117858887, -5.565223693847656, 8.780540466308594, -1.7906996011734009, 4.775913238525391, 13.078808784484863, 6.1556830406188965, 4.272473335266113, -6.593026638031006, 5.098086357116699, -0.05530405044555664, 3.735426664352417, -1.1706147193908691, 3.106738805770874, -2.247936725616455, -1.4730232954025269, 8.022425651550293, 2.3562347888946533, 4.345606803894043, -7.019059181213379, 2.9879276752471924, 4.293350696563721
true: -5.69122314453125, 6.643926620483398, 9.032856941223145, 3.1132874488830566, -6.669899940490723, 8.694865226745605, -2.2705633640289307, 5.515481472015381, 13.317612648010254, 6.224326133728027, 4.96219539642334, -6.428408145904541, 4.18386173248291, -0.16081145405769348, 2.4835803508758545, -0.2316904217004776, 3.9809324741363525, -3.180835247039795, -2.4252195358276367, 7.5763702392578125, 1.617201328277588, 4.396684169769287, -7.527148246765137, 3.5067474842071533, 5.516239643096924
-------------
pred: 3.0238308906555176, -0.2812611162662506, -0.7061125636100769, 8.58066177368164, 8.683516502380371, 2.8727569580078125, -5.897047519683838, -5.976955890655518, 9.110280990600586, -5.857812404632568, -1.3816550970077515, 3.8862030506134033, 3.7266359329223633, -9.547876358032227, 9.23080062866211, -1.5351951122283936, 7.456651210784912, 3.2751078605651855, -5.555649280548096, 0.45986291766166687, -5.461397171020508, 8.704182624816895, 8.434261322021484, 9.380093574523926, -8.577919006347656
true: 3.8666586875915527, 0.20671698451042175, -1.7605836391448975, 7.468245029449463, 9.301050186157227, 2.332550048828125, -7.541904926300049, -7.342436790466309, 8.431622505187988, -5.564738750457764, -2.389692783355713, 3.5263686180114746, 4.114654541015625, -8.582310676574707, 9.518321990966797, -2.6812636852264404, 7.8213725090026855, 2.191906213760376, -5.1184401512146, -0.16900664567947388, -5.689782619476318, 8.655770301818848, 8.125239372253418, 10.868233680725098, -9.943182945251465
-------------
pred: 11.276187896728516, 11.180293083190918, -0.23659810423851013, -0.8729785680770874, 2.8270747661590576, 3.077219009399414, -3.274085283279419, -8.265732765197754, 8.60557746887207, 6.859272480010986, 3.6288039684295654, -5.46697473526001, -1.5319523811340332, 1.980871319770813, -0.1498757302761078, 7.236954212188721, -1.1654744148254395, 7.631170272827148, -4.9414286613464355, -3.073347806930542, 8.412841796875, 0.34794530272483826, -6.640756607055664, -0.9946585893630981, -7.174244403839111
true: 11.930303573608398, 11.117037773132324, -0.5936604738235474, -1.5470467805862427, 2.5866377353668213, 3.9321303367614746, -2.4924867153167725, -9.109139442443848, 8.93664264678955, 6.792053699493408, 4.425995826721191, -7.041397571563721, -2.016065835952759, 1.6611061096191406, -0.700785219669342, 7.518190860748291, -0.2609912157058716, 7.17093563079834, -5.227858543395996, -2.3223984241485596, 7.110126495361328, -0.7890288829803467, -6.930485248565674, -1.0751506090164185, -6.961738586425781
-------------
pred: 5.238208770751953, 6.066054344177246, -7.415227890014648, -14.695927619934082, 0.280778169631958, -1.7168464660644531, -0.8900420665740967, -7.911257266998291, -2.0461626052856445, 9.06897258758545, 0.41415396332740784, -5.143237113952637, -14.847987174987793, 4.473441123962402, -7.511874198913574, 0.017174720764160156, -0.5013507604598999, -9.779692649841309, 7.597370147705078, -0.4669010639190674, -0.2097032070159912, -5.145717144012451, 3.2563960552215576, 5.375796318054199, 6.7322235107421875
true: 4.952213287353516, 5.094147205352783, -7.84704065322876, -15.33594036102295, 0.8436136841773987, -2.0031323432922363, -1.3997048139572144, -8.652612686157227, -1.5904282331466675, 8.517271041870117, 0.5620995759963989, -5.434794902801514, -15.115973472595215, 3.4378743171691895, -7.1490631103515625, -0.3999476432800293, -1.8911268711090088, -8.733176231384277, 9.299399375915527, 0.3102966547012329, 0.9246360063552856, -5.866244316101074, 2.832822799682617, 5.573779582977295, 6.016636848449707
-------------
pred: 4.687403678894043, 7.944389343261719, -0.15502098202705383, -4.651350975036621, 0.6841635704040527, -4.996833324432373, 5.576005935668945, -4.800673484802246, -4.50343132019043, 5.886391639709473, -0.26430442929267883, 0.6611182689666748, -7.335879325866699, 2.2809596061706543, -8.311827659606934, 1.7128645181655884, -0.9439917802810669, 1.5841450691223145, -5.142396450042725, -2.636439085006714, -6.885316848754883, -2.750516653060913, 2.091411828994751, -6.545214653015137, -3.8533475399017334
true: 4.702304840087891, 7.755946159362793, -0.7527711987495422, -5.661718845367432, 0.1430303156375885, -6.176273345947266, 5.190208435058594, -4.300677299499512, -5.37686824798584, 6.389243125915527, 0.8692293167114258, 0.5828369855880737, -7.671326637268066, 2.5459179878234863, -11.213404655456543, 0.6857252717018127, 0.4858767092227936, 0.29383349418640137, -4.926873683929443, -1.9516652822494507, -6.277554035186768, -4.098405838012695, 2.801936388015747, -5.952025413513184, -4.280158996582031
-------------
pred: 1.0854045152664185, -0.46644043922424316, 1.3057944774627686, 0.14973822236061096, 6.73496675491333, -0.5759338736534119, -5.404610633850098, 9.223912239074707, 8.1583890914917, -4.658883094787598, -2.3747670650482178, -11.351924896240234, 6.492703437805176, -1.5539394617080688, -2.5751593112945557, 7.292375087738037, -0.4982439875602722, -5.483799457550049, 2.0420279502868652, -4.914371967315674, 2.6524176597595215, 3.2192323207855225, 1.459124207496643, 5.0457282066345215, 0.6385958790779114
true: 0.7916808128356934, -1.987433910369873, 0.6417059898376465, 0.1249500960111618, 6.148719787597656, -1.3311667442321777, -4.576313495635986, 8.826216697692871, 8.054067611694336, -4.625731468200684, -2.346029758453369, -9.86599063873291, 7.582217216491699, -1.8964309692382812, -3.224775791168213, 6.406178951263428, -1.0862277746200562, -4.941818714141846, 1.5122894048690796, -4.598658084869385, 1.8239797353744507, 1.9891812801361084, 0.7011109590530396, 3.73469614982605, 0.7285094857215881
-------------
pred: -3.661463737487793, -9.157489776611328, 1.7918927669525146, -3.302093982696533, -5.267938137054443, -14.569554328918457, -10.62856388092041, 8.110246658325195, 4.675241947174072, 5.306578636169434, -2.7528529167175293, 12.654531478881836, 4.791540145874023, 6.3799943923950195, -5.690436363220215, -2.883742094039917, 4.263866901397705, 12.178882598876953, 9.415425300598145, -8.181044578552246, -1.7368817329406738, -1.1001367568969727, -1.4854426383972168, -0.2874198853969574, 4.182013988494873
true: -3.3973050117492676, -8.956631660461426, 1.8263682126998901, -2.8731424808502197, -6.216896057128906, -13.915088653564453, -11.497652053833008, 7.432594299316406, 5.354859352111816, 5.254263877868652, -1.3454898595809937, 13.942681312561035, 4.1884074211120605, 5.558958530426025, -5.358029365539551, -2.2016749382019043, 4.53621768951416, 13.175374031066895, 8.008342742919922, -7.0723795890808105, -2.4743776321411133, -1.9513678550720215, -0.8171252012252808, -1.0724005699157715, 3.7754862308502197
-------------
pred: -3.1267342567443848, 7.613005638122559, 4.450963020324707, 1.6246886253356934, 8.127350807189941, -1.2349603176116943, -1.1454052925109863, -3.7811834812164307, -5.0108962059021, 3.8911452293395996, -7.157656669616699, -5.106527805328369, -1.408734679222107, 4.696608543395996, -7.403441429138184, 0.25515884160995483, -5.746495246887207, 7.472693920135498, 19.31392478942871, -3.9397261142730713, 7.042713165283203, -7.867851257324219, -3.633035659790039, -9.13427734375, -4.102814197540283
true: -3.8300986289978027, 6.845804214477539, 3.338956832885742, 2.9028801918029785, 8.456058502197266, -0.764879584312439, -0.15735188126564026, -3.810378313064575, -5.6719584465026855, 3.1377129554748535, -8.040063858032227, -4.949329853057861, -0.5532207489013672, 4.464910984039307, -7.090321063995361, 0.7703720331192017, -6.752835273742676, 6.758806228637695, 18.17704963684082, -3.6403355598449707, 7.604616641998291, -7.150290489196777, -3.7559778690338135, -9.091121673583984, -2.5643422603607178
-------------
pred: -10.627562522888184, 12.852043151855469, -11.714753150939941, 3.940680503845215, 5.128474235534668, 3.468622922897339, 3.178581714630127, -2.9600460529327393, 5.106653690338135, -9.792253494262695, 2.1550142765045166, 1.3329802751541138, 8.008119583129883, 1.370745301246643, -0.289500892162323, -1.9172353744506836, -1.6031585931777954, -5.048084735870361, 3.91796875, 4.463265895843506, 0.2537364661693573, -3.220033884048462, -13.049308776855469, 6.003729343414307, 2.6585471630096436
true: -10.044754028320312, 13.976820945739746, -13.293773651123047, 3.3430583477020264, 4.655874252319336, 3.7497286796569824, 2.269009828567505, -3.0320730209350586, 4.959814071655273, -10.98176097869873, 1.5889883041381836, 0.8454881906509399, 7.602208137512207, 0.5617554783821106, -1.397018551826477, -1.7879297733306885, -1.9685237407684326, -5.918973445892334, 4.588340759277344, 5.580276966094971, 0.8583012819290161, -2.4683799743652344, -12.732961654663086, 5.789807319641113, 3.636016845703125
-------------
pred: -3.799461841583252, -2.7150444984436035, -6.553797721862793, -2.9295949935913086, 1.240531325340271, 2.4565255641937256, 3.478841543197632, 12.65416431427002, -0.7919996380805969, -4.620351791381836, -7.931568622589111, 5.619718074798584, 1.341259241104126, -6.749927043914795, -5.694766044616699, -7.6130523681640625, -1.3419724702835083, 0.7852392196655273, 3.8448400497436523, 0.9266409873962402, 5.307096481323242, 10.608736991882324, -0.8879622220993042, 0.9440060257911682, -8.118307113647461
true: -3.026289463043213, -3.2520503997802734, -6.061662197113037, -2.219390392303467, 1.2562713623046875, 2.3699021339416504, 4.369870662689209, 12.923225402832031, -1.4442206621170044, -4.855978488922119, -7.588265895843506, 7.300638675689697, 0.29945117235183716, -5.748437881469727, -6.9941840171813965, -6.907135486602783, -1.4044893980026245, 0.5113374590873718, 3.8467206954956055, 1.778503179550171, 4.589128494262695, 9.640838623046875, -2.081773281097412, -0.08812379837036133, -7.561939239501953
-------------
pred: 2.328059673309326, -9.580297470092773, 2.857882022857666, -8.444219589233398, -16.35679817199707, -7.582825660705566, -8.373332023620605, -13.304451942443848, -6.934628486633301, 5.357510089874268, 3.297253131866455, -3.494990348815918, 4.927481651306152, 3.7181074619293213, -6.008330345153809, 0.5451779365539551, -5.076077938079834, 0.8373594284057617, -0.21073757112026215, -3.3707470893859863, -2.4221038818359375, -5.874009132385254, 1.49859619140625, -0.5440205335617065, 7.69968318939209
true: 2.1967577934265137, -9.614645957946777, 4.182689666748047, -10.242341995239258, -16.900753021240234, -6.28251314163208, -7.594480991363525, -14.42115306854248, -6.152655601501465, 4.633843421936035, 2.7876129150390625, -5.207714080810547, 4.184736251831055, 4.04131555557251, -5.7771525382995605, -0.09188078343868256, -4.566656589508057, 0.7566153407096863, 0.698562741279602, -2.738633632659912, -3.340332508087158, -5.144883632659912, 0.5547618269920349, -0.13523831963539124, 7.191835403442383
-------------
pred: -1.2487308979034424, 8.646806716918945, -9.75245189666748, -1.6327279806137085, 10.564469337463379, 2.0025904178619385, 0.7439494132995605, -3.1351375579833984, 3.0682783126831055, 2.9806785583496094, -12.854710578918457, -3.0145411491394043, 0.25034329295158386, 6.218336582183838, -9.486988067626953, 4.5183329582214355, -1.0312987565994263, 2.968459129333496, 6.748639106750488, 6.0388875007629395, 3.117093086242676, -9.999878883361816, 2.8416812419891357, -0.2892149090766907, -10.220123291015625
true: -2.585042715072632, 7.642727851867676, -10.716845512390137, -1.378018856048584, 11.016980171203613, 2.274101972579956, 1.1855684518814087, -3.533390760421753, 4.222497940063477, 2.0013601779937744, -13.134688377380371, -2.456897020339966, 0.5339239835739136, 6.967774391174316, -11.017573356628418, 3.436173915863037, 0.8749039769172668, 1.7988457679748535, 6.412820816040039, 6.413814067840576, 2.034714937210083, -9.729305267333984, 2.530524253845215, -0.9983783960342407, -9.84073257446289
-------------
pred: 5.963773250579834, 3.060473680496216, -4.371899604797363, 13.10558032989502, 4.955845832824707, 6.119393348693848, 2.43709135055542, -12.961867332458496, -4.137077331542969, -0.8048083782196045, 2.13533878326416, 3.4304027557373047, -1.5143563747406006, -13.72408676147461, -9.788411140441895, 9.820955276489258, 5.171355724334717, 1.2413324117660522, 2.788384199142456, -0.3661772906780243, 5.139631748199463, 0.35220322012901306, 1.3007266521453857, 12.848161697387695, 3.733827590942383
true: 6.0852155685424805, 3.6737778186798096, -4.2491912841796875, 13.46849536895752, 4.843514919281006, 5.763179779052734, 2.7026491165161133, -12.48970890045166, -4.155991554260254, -0.8893982768058777, 2.9752044677734375, 2.8244407176971436, -1.1316345930099487, -13.494439125061035, -10.045149803161621, 9.655954360961914, 3.604215621948242, 0.7691181302070618, 3.3813607692718506, -1.1532732248306274, 4.672665119171143, -0.7308382391929626, 0.3876974284648895, 12.071765899658203, 3.2099435329437256
-------------
pred: 5.887487411499023, 9.06621265411377, 4.119785785675049, 8.223854064941406, -2.778412342071533, 0.35594600439071655, -7.190493106842041, -0.9984140396118164, -5.889960765838623, -1.4846961498260498, 0.18141931295394897, 2.6472482681274414, 6.366677761077881, 7.392449378967285, 2.2596964836120605, -2.6720528602600098, 4.1575703620910645, 5.768171787261963, -2.8348546028137207, 8.747299194335938, 11.544882774353027, 8.555944442749023, 11.947073936462402, 2.032071113586426, -5.426187992095947
true: 5.919690132141113, 8.827777862548828, 4.794913291931152, 7.7599945068359375, -4.124706268310547, 0.07860510051250458, -6.92365837097168, -0.98517906665802, -6.1501569747924805, -2.20276141166687, 0.5851540565490723, 1.7924038171768188, 6.276243686676025, 7.852015495300293, 1.0853462219238281, -2.116988182067871, 3.307345390319824, 4.349494457244873, -2.7360455989837646, 9.210540771484375, 12.534001350402832, 8.482027053833008, 12.545382499694824, 0.15638010203838348, -4.951079845428467
-------------
pred: -0.045328617095947266, -8.373443603515625, -2.681699514389038, -3.7514729499816895, -4.255769729614258, 0.7730097770690918, 7.4398722648620605, -2.97296404838562, -2.6057143211364746, 2.4618029594421387, 8.613515853881836, -0.05058959126472473, 11.311893463134766, 1.3432800769805908, -5.403837203979492, 12.972295761108398, 0.5981693267822266, -4.145096778869629, 3.632477045059204, -5.384952545166016, 7.829687595367432, 0.39129430055618286, -1.243237018585205, -3.7899012565612793, -4.825681686401367
true: -1.8089017868041992, -9.559898376464844, -3.9997520446777344, -3.7864766120910645, -4.472929000854492, 1.124899983406067, 8.877954483032227, -1.9791463613510132, -2.1293630599975586, 2.7328603267669678, 8.440723419189453, 0.7563161253929138, 11.168169975280762, 1.3324874639511108, -4.458458423614502, 12.062932014465332, 1.7580244541168213, -3.233309268951416, 3.8135414123535156, -4.575087547302246, 8.403643608093262, -0.6900346875190735, -0.18687431514263153, -4.5267229080200195, -4.585080623626709
-------------
pred: -7.7350172996521, 2.864591598510742, -6.200679302215576, 8.758091926574707, -7.635224342346191, -0.7681009769439697, 5.672762393951416, -7.298348426818848, -1.02553391456604, 5.92631721496582, -0.7041739225387573, -7.048523902893066, -5.104135513305664, -5.6228227615356445, -11.10295581817627, -8.201423645019531, -0.4518904685974121, -0.35011643171310425, 12.29644775390625, 1.4149178266525269, 0.6913666725158691, 5.234713554382324, -7.083386421203613, 8.866559028625488, 8.869338989257812
true: -7.800594806671143, 3.5029208660125732, -5.449374675750732, 7.8605427742004395, -7.48596715927124, -0.8154141306877136, 5.144101142883301, -7.7919535636901855, -1.3542145490646362, 5.488102436065674, -1.1045581102371216, -7.152458190917969, -5.149095058441162, -4.939436912536621, -10.607484817504883, -7.664256572723389, 0.2650899291038513, -1.2332332134246826, 11.933183670043945, 2.303367853164673, -0.05799444019794464, 5.49596643447876, -6.337510585784912, 9.392963409423828, 7.666801929473877
-------------
pred: 3.54500675201416, -6.632838726043701, 1.969512701034546, -7.979252338409424, -1.4464335441589355, -5.354098320007324, 1.3138419389724731, -2.2475128173828125, -5.2105584144592285, 3.6085357666015625, 11.453577041625977, 1.6275334358215332, 3.6408565044403076, 0.8053781986236572, 11.914076805114746, -6.19868803024292, 4.684356689453125, 5.1545233726501465, -11.090558052062988, -8.121994972229004, -1.847413420677185, -8.89776611328125, -9.262880325317383, 9.56713581085205, 1.8945673704147339
true: 4.961893558502197, -7.614364147186279, 2.062859296798706, -8.801318168640137, -1.1474486589431763, -5.867629528045654, 0.45166146755218506, -2.417032480239868, -4.620893478393555, 3.6638667583465576, 12.40999698638916, 1.4469345808029175, 3.803647518157959, 0.25978320837020874, 11.449563980102539, -7.327083110809326, 3.8350131511688232, 4.940939903259277, -10.562760353088379, -8.698762893676758, -1.5487160682678223, -9.58577823638916, -9.730851173400879, 8.812307357788086, 0.7566125392913818
-------------
pred: 1.9686514139175415, -4.771666526794434, -4.590251922607422, 5.524855613708496, 5.875102996826172, -2.1386618614196777, -0.8216610550880432, 6.457185745239258, -12.717293739318848, 4.4504923820495605, 4.866227149963379, 5.475030422210693, 0.35520026087760925, -5.415917873382568, -9.27877426147461, 0.7810747027397156, 5.763413429260254, -0.9397662281990051, 7.999284267425537, -13.379813194274902, 6.789371967315674, -4.558009624481201, 8.761110305786133, -3.9423317909240723, -7.26091194152832
true: 1.5688297748565674, -4.986966609954834, -5.323469638824463, 6.285980701446533, 5.11254358291626, -2.3737730979919434, -1.371962547302246, 5.8972063064575195, -12.86822509765625, 2.39805006980896, 4.933643817901611, 5.749396800994873, -0.8589909076690674, -4.95423698425293, -9.287120819091797, 0.34574419260025024, 6.646129608154297, -0.40148091316223145, 7.182009220123291, -12.56786060333252, 6.993260860443115, -4.556628704071045, 8.769351959228516, -4.168789863586426, -7.017935276031494
-------------
pred: 4.203349590301514, -2.6887903213500977, -0.45890843868255615, -10.569284439086914, 0.30452537536621094, -3.541754722595215, -1.7208685874938965, 10.751208305358887, 8.096415519714355, -13.41099739074707, -3.377572536468506, -5.3463664054870605, 5.971536636352539, 0.8677117228507996, -0.9028939008712769, -0.8506031036376953, 4.0230560302734375, -2.4034602642059326, 7.236089706420898, -4.605241775512695, 3.2738988399505615, -2.833322763442993, -6.946143627166748, -0.7405043840408325, 2.3776960372924805
true: 4.434523582458496, -2.4400460720062256, -1.350677251815796, -11.152941703796387, -0.09454800188541412, -2.236898899078369, -1.2669661045074463, 10.439308166503906, 10.123146057128906, -13.256776809692383, -3.161092519760132, -6.42451286315918, 4.817551612854004, 0.90571129322052, -0.23593220114707947, -1.849037528038025, 3.5721349716186523, -3.873246192932129, 6.308064937591553, -4.177224159240723, 3.2062511444091797, -1.9667322635650635, -6.169752597808838, -0.25128987431526184, 2.629763126373291
-------------
pred: -5.596572399139404, 3.902350902557373, 3.4965991973876953, -1.609696388244629, 0.1897815763950348, 10.502119064331055, -11.8390531539917, 3.3550021648406982, 3.7883403301239014, 2.759655475616455, 4.04395866394043, -1.044299840927124, -1.2698569297790527, 13.866440773010254, 7.954663276672363, 1.288461446762085, -5.721588134765625, 2.2080013751983643, -2.2801449298858643, 4.945833683013916, 2.7692313194274902, -2.226789951324463, -1.1019461154937744, 5.772185325622559, 0.6333554983139038
true: -6.241326808929443, 3.3403007984161377, 4.354955673217773, -2.3108794689178467, 0.6929112076759338, 11.176373481750488, -12.47653865814209, 2.490969657897949, 3.9663162231445312, 3.4472873210906982, 3.924179792404175, -1.3775339126586914, -2.405970573425293, 14.046287536621094, 7.9481682777404785, 0.5915173292160034, -6.1571784019470215, 3.102315664291382, -1.9983230829238892, 6.200805187225342, 3.003593683242798, -1.9348170757293701, -0.04231889918446541, 6.327605724334717, 1.1883794069290161
-------------
pred: -6.572683811187744, 9.584941864013672, 4.420435428619385, -1.444644808769226, -1.6564326286315918, 5.767738342285156, 5.496103763580322, 3.721848487854004, -10.406508445739746, 3.201411724090576, 2.73500657081604, -0.9221029281616211, 3.0288429260253906, -1.4984251260757446, -0.23705337941646576, -9.75094223022461, -5.81723690032959, -5.211287975311279, 8.46365737915039, -10.391629219055176, 5.742280960083008, 6.053989410400391, 2.2144806385040283, 8.936113357543945, -4.9854817390441895
true: -5.7689900398254395, 8.865351676940918, 3.1618564128875732, -1.6506626605987549, -3.180351734161377, 5.4130144119262695, 5.85290002822876, 4.495314598083496, -11.206957817077637, 1.6324756145477295, 3.3468689918518066, 0.08183503895998001, 2.5999701023101807, -0.3781798779964447, -1.2998077869415283, -9.099228858947754, -6.837207317352295, -5.141260147094727, 8.349832534790039, -10.019301414489746, 6.9649248123168945, 4.546732425689697, 1.4686051607131958, 7.562294960021973, -6.01570987701416
-------------
pred: 2.880195140838623, 7.349363327026367, -6.115964412689209, 5.278911113739014, 2.2894506454467773, 8.135425567626953, -1.6350646018981934, 1.807626485824585, -1.7296557426452637, 0.40628957748413086, 1.3779780864715576, 5.817083358764648, -3.1191463470458984, 6.861237525939941, 7.696544170379639, 4.541717529296875, 3.4238498210906982, -2.641742467880249, -15.075483322143555, -10.772610664367676, 3.8208911418914795, 2.575623035430908, 3.96722149848938, -1.4775428771972656, -0.49415796995162964
true: 3.2737374305725098, 8.621379852294922, -4.769801139831543, 5.198214054107666, 2.376593589782715, 7.217296600341797, -1.9109482765197754, 1.685708999633789, -1.157499074935913, -0.1672363132238388, 1.6767686605453491, 6.9335408210754395, -4.792582035064697, 6.457401275634766, 8.029766082763672, 3.717219352722168, 2.3902840614318848, -2.5152621269226074, -15.159658432006836, -10.093954086303711, 3.410209894180298, 2.7163894176483154, 5.20045804977417, -0.9396246075630188, -1.7390390634536743
-------------
pred: 1.2666881084442139, -7.437454700469971, -19.389930725097656, 4.032155513763428, -2.3239355087280273, -6.571033477783203, 6.460416793823242, 7.39394474029541, 5.7951765060424805, -2.588239908218384, -1.9028594493865967, 5.972239971160889, -1.1529089212417603, -6.710470199584961, -1.695509672164917, 2.254939317703247, -4.599174499511719, 14.557644844055176, -3.494602680206299, -6.237354278564453, 1.1499193906784058, -6.968814373016357, 1.0940208435058594, 2.560412883758545, 7.018144607543945
true: 1.4747909307479858, -7.782390594482422, -20.05509376525879, 4.147330284118652, -3.4892680644989014, -6.393336296081543, 5.72559928894043, 6.249603748321533, 4.357808589935303, -2.4482009410858154, -2.628519058227539, 5.86629056930542, -0.5461230874061584, -6.696435928344727, -1.0127235651016235, 2.4283809661865234, -5.204065322875977, 14.812601089477539, -3.456584930419922, -6.383211612701416, 1.7623069286346436, -7.786813259124756, 0.8502213954925537, 2.6171438694000244, 6.808152198791504
-------------
pred: 6.889812469482422, -8.315455436706543, -8.687849044799805, -4.843655586242676, 5.165510654449463, 1.343477487564087, -2.024639844894409, 7.516495227813721, -8.275272369384766, -2.2870430946350098, -4.896730899810791, 2.484063148498535, 1.9680601358413696, -2.7277345657348633, 7.411291122436523, 11.632238388061523, 4.123405456542969, 9.4175386428833, 14.346571922302246, -4.288936138153076, -15.780097961425781, 11.070629119873047, 9.624320983886719, 1.1793367862701416, -2.730825662612915
true: 7.485612392425537, -9.72182846069336, -9.847962379455566, -4.478405475616455, 5.296563625335693, 1.7412185668945312, -0.8627539873123169, 8.159841537475586, -7.567793369293213, -3.3400259017944336, -6.610583305358887, 2.1116504669189453, 0.7881878614425659, -4.76786470413208, 6.598965644836426, 11.643754959106445, 4.108166217803955, 10.361451148986816, 13.707653999328613, -4.487625598907471, -14.688623428344727, 11.057804107666016, 9.522068977355957, 0.7275036573410034, -2.8200366497039795
-------------
pred: 7.998348236083984, 3.2909698486328125, 0.6141990423202515, 13.066234588623047, -12.972641944885254, 5.564230918884277, -3.584770679473877, -2.868335485458374, -3.574317693710327, 7.800948143005371, 1.3391157388687134, -0.2358379364013672, -1.6407986879348755, 5.809621334075928, -7.891839504241943, -0.763274073600769, 2.662278652191162, -4.656243324279785, -6.634696006774902, 7.0338239669799805, -8.760041236877441, 3.830418586730957, 8.878398895263672, 2.3219969272613525, -5.173300743103027
true: 8.09999942779541, 3.693826675415039, 0.9722591638565063, 12.271086692810059, -13.536296844482422, 6.450989246368408, -1.4993834495544434, -1.718302607536316, -3.3581879138946533, 8.307847023010254, 0.25369054079055786, 0.3435352146625519, -1.604918122291565, 6.2476582527160645, -8.277804374694824, -0.17918989062309265, 3.5452330112457275, -4.939077854156494, -7.4644622802734375, 6.780034065246582, -9.081609725952148, 4.835203170776367, 8.1071138381958, 1.1193010807037354, -4.543331146240234
-------------
pred: -12.386147499084473, -2.6684141159057617, -7.310433387756348, 5.056024074554443, 1.669388771057129, 3.404505729675293, -3.0326907634735107, 2.5985639095306396, -2.400925874710083, 1.581491470336914, -14.570531845092773, 12.99874210357666, 4.389546871185303, 10.420265197753906, 2.3733572959899902, -9.73876953125, 3.2052011489868164, 4.920201301574707, 4.047618865966797, 5.713388919830322, 7.964109897613525, -5.794824600219727, -1.1728925704956055, 11.903154373168945, -2.495033025741577
true: -11.752138137817383, -3.566638708114624, -6.654196262359619, 4.863436698913574, 0.8573993444442749, 3.1047239303588867, -1.509345293045044, 1.8218374252319336, -2.8325955867767334, 2.0604138374328613, -14.826943397521973, 12.897741317749023, 3.7198853492736816, 9.37625789642334, 0.6292668581008911, -10.736248016357422, 2.441061019897461, 4.409360408782959, 3.9376752376556396, 6.401238441467285, 7.802810192108154, -5.317413330078125, -0.045206066220998764, 13.219043731689453, -2.157405376434326
-------------
pred: -6.986072540283203, -5.709020137786865, -3.6243679523468018, -16.98677635192871, 6.112489700317383, 10.267210006713867, -4.497135162353516, -7.117463111877441, -3.3924098014831543, -9.3871431350708, 1.678188681602478, 10.915842056274414, 4.688602447509766, 5.711323261260986, 2.1163229942321777, -5.429299831390381, 9.314720153808594, -5.446899890899658, -1.8397327661514282, -0.13326579332351685, 5.575204372406006, 4.42028284072876, -2.188990831375122, -5.888124465942383, 6.188251495361328
true: -6.263972282409668, -6.297356605529785, -3.3299450874328613, -16.698760986328125, 5.473117351531982, 11.596922874450684, -4.7620320320129395, -7.19318151473999, -2.2179219722747803, -9.931868553161621, 2.034444808959961, 10.260357856750488, 5.150588035583496, 5.7735981941223145, 2.7087225914001465, -6.141486167907715, 10.004899978637695, -5.373071670532227, -2.255608320236206, -0.9873356223106384, 6.58532190322876, 3.512497901916504, -3.375331401824951, -6.059423923492432, 4.555893898010254
-------------
pred: 6.8777923583984375, 0.8724724054336548, -1.980425477027893, -3.361140489578247, -0.43395864963531494, 0.8261173963546753, 1.876089334487915, -8.127196311950684, 1.3393793106079102, -3.15201997756958, 4.223702430725098, -9.19522762298584, -10.300315856933594, 5.488476753234863, -21.316923141479492, -3.583583116531372, 3.1605281829833984, 1.5460844039916992, 2.994908332824707, 2.5524656772613525, 8.88789176940918, -0.08158189058303833, 4.606952667236328, 9.267004013061523, -5.927606105804443
true: 5.938859462738037, 1.0346487760543823, -1.9271043539047241, -3.854118585586548, -0.5096502900123596, 1.3526781797409058, 1.9103378057479858, -8.330737113952637, -0.005287338048219681, -2.5059754848480225, 3.869969129562378, -9.55528736114502, -9.701155662536621, 4.8772454261779785, -21.406606674194336, -3.031803846359253, 2.170823097229004, 1.7989907264709473, 3.6792497634887695, 1.350221872329712, 9.860945701599121, 0.5051276087760925, 4.085425853729248, 9.559060096740723, -6.0513153076171875
-------------
pred: 3.222280979156494, 4.978759765625, -8.84158706665039, -3.1174259185791016, 0.1847446858882904, 1.4999487400054932, -0.056396111845970154, -5.78671407699585, -0.18444210290908813, 12.569706916809082, 1.555123209953308, 5.031033992767334, 7.252066135406494, -2.165900468826294, -1.3600214719772339, 6.014182090759277, 0.08120949566364288, 8.57086181640625, -14.913262367248535, -14.105953216552734, 1.798648476600647, -5.0839948654174805, 7.864758014678955, 3.0149388313293457, 4.427468776702881
true: 1.8954476118087769, 5.354782581329346, -8.843062400817871, -3.8871185779571533, 0.40753084421157837, 2.4414918422698975, -1.0038814544677734, -6.534783840179443, -1.0699528455734253, 12.011218070983887, 2.8380284309387207, 5.711974620819092, 7.7578444480896, -1.6263879537582397, -1.8134706020355225, 6.467134475708008, 0.7094996571540833, 9.217906951904297, -14.715932846069336, -13.084786415100098, 0.8343643546104431, -5.599906921386719, 7.995953559875488, 2.5324885845184326, 4.1168670654296875
-------------
pred: -7.72664737701416, 1.6351534128189087, -10.437041282653809, 7.331291675567627, -1.0196373462677002, -3.377779483795166, 2.797701835632324, -4.705913543701172, 1.0640077590942383, 0.9256072640419006, 0.4190208315849304, 1.6803689002990723, -6.498396873474121, 0.18660765886306763, 3.5838706493377686, -6.7511820793151855, 4.28978157043457, 11.372610092163086, -3.544029474258423, -0.23523929715156555, 2.2327592372894287, 0.48851802945137024, -1.2723910808563232, -10.508524894714355, 2.617156982421875
true: -8.323543548583984, 0.553895115852356, -10.307100296020508, 7.2881550788879395, -0.6718841791152954, -4.492117881774902, 2.829413890838623, -4.84718132019043, 1.1177823543548584, -0.1483801007270813, 0.582291305065155, 2.2577993869781494, -6.633073329925537, 0.35921117663383484, 3.9546327590942383, -6.400174617767334, 5.042407512664795, 10.9777193069458, -3.571190595626831, -0.8567440509796143, 0.8410568237304688, -0.06835972517728806, -1.2296817302703857, -10.513692855834961, 3.3232736587524414
-------------
pred: -9.749174118041992, -7.825582981109619, 3.8452420234680176, -1.750727891921997, 4.256257057189941, 1.8924531936645508, -7.747637748718262, 1.524280071258545, -6.340388774871826, 12.76761245727539, -8.110302925109863, 2.699512004852295, -4.961888313293457, 0.16717009246349335, -2.5645813941955566, 7.040956974029541, 5.901744365692139, 1.0335228443145752, 2.0748398303985596, 0.3023929297924042, 1.3959180116653442, -6.185805797576904, -3.542776107788086, 1.6584582328796387, -1.5080602169036865
true: -8.429948806762695, -6.55956506729126, 2.7080650329589844, -2.598855972290039, 4.141961097717285, 1.7302522659301758, -8.734092712402344, 0.6687480211257935, -5.212018966674805, 13.415190696716309, -7.510159492492676, 0.975085973739624, -6.01564359664917, -1.387209415435791, -3.258547782897949, 5.9479169845581055, 5.5193190574646, 0.2364361435174942, 2.9597785472869873, -0.615229070186615, 0.8821199536323547, -6.350252151489258, -4.717347621917725, 0.9897992014884949, -1.3574554920196533
-------------
pred: 2.697021007537842, -4.438605308532715, 0.5257015228271484, 10.51404857635498, 0.2512974143028259, -5.496856689453125, -3.1644575595855713, 3.075498580932617, 6.876319885253906, -3.9382548332214355, 0.8175379037857056, -3.238800287246704, -7.755404472351074, -3.8861072063446045, 17.850149154663086, 8.742973327636719, 11.144706726074219, -6.471252918243408, 15.43517017364502, -4.159361839294434, 7.7724432945251465, -0.9016931056976318, -3.7735280990600586, -2.9861526489257812, -0.17677301168441772
true: 2.163635015487671, -4.2888288497924805, -0.33880460262298584, 10.74240779876709, -0.09952881932258606, -5.730813026428223, -2.9030003547668457, 2.071269989013672, 5.804938793182373, -3.1359004974365234, 2.6311519145965576, -2.455085039138794, -8.454865455627441, -3.3066937923431396, 16.689241409301758, 7.534575462341309, 11.35220718383789, -6.5713982582092285, 16.76167869567871, -4.127110481262207, 6.777367115020752, -2.3672003746032715, -4.4896392822265625, -3.4973862171173096, 0.6245821118354797
-------------
pred: 5.7990827560424805, -8.847304344177246, 8.07730770111084, -7.734827041625977, -3.568154811859131, 4.923433303833008, -13.101659774780273, -0.005104072391986847, -2.132636070251465, -6.732053756713867, -3.645477533340454, -4.9986982345581055, -2.1330065727233887, 3.5190024375915527, 2.7074711322784424, -1.3268365859985352, -9.192030906677246, 11.190851211547852, 5.658056259155273, -7.2272868156433105, 1.5417495965957642, 8.164562225341797, -0.5308427214622498, 9.147855758666992, -6.611639022827148
true: 5.020663261413574, -8.762402534484863, 7.328485012054443, -7.481247425079346, -4.350297451019287, 5.050580024719238, -12.633496284484863, 0.5165793895721436, -3.0537445545196533, -7.087575435638428, -5.592902660369873, -6.067684650421143, -1.4704186916351318, 3.3337323665618896, 3.5599615573883057, -0.9654381275177002, -8.939167976379395, 11.031017303466797, 6.011120319366455, -7.7871222496032715, 0.15946130454540253, 7.609111785888672, -1.0714248418807983, 9.462018966674805, -7.967949867248535
-------------
pred: 3.3341751098632812, 6.5465593338012695, -5.080674648284912, -1.0225930213928223, 9.192595481872559, 4.250079154968262, -1.1876310110092163, -7.230962753295898, -7.359964847564697, 6.555716514587402, -0.08361837267875671, -16.833637237548828, -3.871359348297119, 6.689339637756348, 6.541364669799805, 2.254944086074829, 5.774558067321777, 4.173569679260254, -3.046407461166382, -15.352547645568848, 5.880472183227539, -4.810584545135498, 7.414117813110352, -7.852583408355713, -0.2792680859565735
true: 4.0218424797058105, 5.900051116943359, -4.819630146026611, -1.0987612009048462, 7.881304740905762, 4.657689094543457, -1.3483093976974487, -7.9397759437561035, -7.859396934509277, 7.050403594970703, -0.31742995977401733, -16.885482788085938, -3.0860636234283447, 6.842055797576904, 6.952034950256348, 1.2677597999572754, 6.207362651824951, 4.276310443878174, -2.5443508625030518, -16.825502395629883, 5.641151428222656, -5.289454936981201, 7.9597487449646, -8.724458694458008, 0.7140230536460876
-------------
pred: 4.659070014953613, -0.5331985354423523, 2.060811996459961, 4.239958763122559, 0.5071902275085449, 9.410436630249023, -11.434643745422363, 4.500771522521973, 12.055946350097656, 1.5825010538101196, -4.933313369750977, -17.748592376708984, 4.946019172668457, 2.3547823429107666, -1.1558758020401, -8.995107650756836, 4.033381462097168, 9.877578735351562, -4.715186595916748, -4.600339412689209, -3.1173696517944336, -6.962062358856201, 1.9260317087173462, 6.174525260925293, 7.543124675750732
true: 3.450500249862671, -0.07955499738454819, 2.6894993782043457, 4.640252590179443, 1.0796881914138794, 11.266103744506836, -11.832398414611816, 4.4536919593811035, 11.423283576965332, 1.610649585723877, -3.8827438354492188, -17.884506225585938, 5.4247260093688965, 1.5341241359710693, -2.309941053390503, -9.407942771911621, 2.8935840129852295, 11.464855194091797, -5.408027648925781, -4.499386310577393, -2.697847366333008, -5.9184064865112305, 3.1957733631134033, 6.552621364593506, 7.418554782867432
-------------
pred: -9.4107666015625, -2.0149288177490234, -0.7880899906158447, 0.11771047115325928, 9.018226623535156, -2.0249874591827393, 0.7614476084709167, -0.510434627532959, 3.124727964401245, -3.72812819480896, -8.553370475769043, -11.696688652038574, 6.921696662902832, -5.880766868591309, 3.4098267555236816, 1.094786524772644, 9.876052856445312, -2.901123285293579, 8.206620216369629, -5.074745178222656, 2.642587661743164, 0.01701223850250244, 0.9671798944473267, -1.4051613807678223, 2.4959359169006348
true: -8.407362937927246, -1.769364595413208, -1.9302014112472534, -1.6038389205932617, 7.588766098022461, -3.8876264095306396, 1.723480463027954, -0.5213111042976379, 3.2364275455474854, -4.356175899505615, -8.303157806396484, -11.524515151977539, 7.420156002044678, -5.906407356262207, 3.5107362270355225, 0.5260781645774841, 9.925342559814453, -3.8186655044555664, 7.937506198883057, -5.731715679168701, 2.7994320392608643, -1.8401850461959839, 0.1084166169166565, -0.9366898536682129, 3.3960158824920654
-------------
pred: -1.384239912033081, -8.724921226501465, 2.433046817779541, -0.05557912588119507, -7.805325508117676, 15.890583992004395, 0.7697544693946838, 0.3279041051864624, 2.5673749446868896, 3.096609354019165, 0.0017728209495544434, -12.65854263305664, 5.870800495147705, 5.7097368240356445, 5.987865924835205, 3.745786666870117, -1.1019060611724854, 3.4375743865966797, -3.8244988918304443, 0.3618427515029907, 2.109724760055542, 0.21915778517723083, 10.24423885345459, -16.10898208618164, 5.153939247131348
true: -2.1428704261779785, -7.312409400939941, 4.367227077484131, -0.08595128357410431, -9.158679962158203, 15.944745063781738, 1.7947925329208374, 1.2056416273117065, 3.7315754890441895, 4.722533702850342, 0.885026216506958, -12.907148361206055, 6.948747634887695, 7.1172990798950195, 6.029526710510254, 3.4313719272613525, -1.205186128616333, 4.047704696655273, -2.449937343597412, 0.8145043849945068, 2.6897943019866943, 0.29229414463043213, 10.883831977844238, -16.82378578186035, 4.526036739349365
-------------
pred: -8.328239440917969, -5.596663475036621, 1.7979446649551392, -8.921299934387207, -9.920361518859863, 5.42331075668335, -1.0184290409088135, -2.5244765281677246, 10.8646879196167, 1.6178810596466064, 1.3023724555969238, -10.312725067138672, -5.191770553588867, -1.7623238563537598, -1.04562509059906, -7.418751239776611, 0.8781818151473999, -2.9327151775360107, 2.7516486644744873, -4.747013092041016, -2.281266689300537, -3.3239338397979736, 8.031688690185547, 12.876656532287598, -10.038564682006836
true: -7.975333213806152, -6.061736583709717, 1.2600589990615845, -9.953001022338867, -10.120625495910645, 5.227294921875, -1.580858826637268, -1.928360104560852, 11.193052291870117, 0.7669131755828857, -0.7052544355392456, -10.80929183959961, -4.047520637512207, -1.9286400079727173, -2.232243061065674, -7.07489538192749, 0.7769764065742493, -2.6190507411956787, 1.6156854629516602, -4.995184421539307, -3.328596353530884, -3.1425716876983643, 8.206469535827637, 13.85812759399414, -9.190095901489258
-------------
pred: -6.020345687866211, -4.5266523361206055, -0.6729202270507812, -5.899847030639648, -4.762884140014648, -6.057060718536377, 4.828348636627197, -8.281620025634766, 1.9197511672973633, -2.2930219173431396, 0.8215317130088806, 7.402872085571289, 1.896256446838379, 1.8376742601394653, 7.582457065582275, 8.959802627563477, 4.594225883483887, 4.870173931121826, 4.258048057556152, 2.712682008743286, 5.68025541305542, -7.27830171585083, -0.2923084497451782, 7.143398284912109, -1.1854281425476074
true: -5.910439968109131, -4.747426986694336, -1.4156593084335327, -4.5198588371276855, -5.029212951660156, -5.441739559173584, 4.586897373199463, -8.375863075256348, 2.2575864791870117, -2.1784462928771973, 0.3750304877758026, 6.672371864318848, 2.509638786315918, 0.8261423110961914, 7.704474449157715, 10.400002479553223, 4.98665714263916, 3.878767490386963, 5.091247081756592, 3.4462363719940186, 6.534991264343262, -6.6138458251953125, -1.3061339855194092, 6.765223503112793, 0.22020702064037323
-------------
pred: -1.9085501432418823, -0.19695347547531128, -11.133463859558105, 2.9239156246185303, 6.463716983795166, -6.594320297241211, 1.2781122922897339, -0.4350200295448303, -7.464613437652588, -12.403410911560059, 5.851415157318115, -7.191376686096191, 8.181190490722656, 0.941256046295166, 3.5121233463287354, -4.3324875831604, 0.8117234706878662, 8.939759254455566, 7.5770111083984375, 10.539506912231445, 13.500195503234863, -0.27781298756599426, -0.7631593942642212, -4.14125919342041, 1.2491068840026855
true: -2.9003608226776123, -0.6252397298812866, -10.549280166625977, 2.7201974391937256, 6.411197662353516, -8.417755126953125, 0.9584512710571289, -0.10691206902265549, -8.035868644714355, -12.45914077758789, 7.0859575271606445, -5.857541561126709, 8.00864028930664, 1.7053871154785156, 4.012510776519775, -4.278950214385986, 0.5073215961456299, 9.093015670776367, 7.130300998687744, 11.45441722869873, 13.181981086730957, -0.6993520855903625, -1.0364928245544434, -4.354676246643066, 2.380361318588257
-------------
pred: 1.0067124366760254, -3.7770938873291016, -1.2355494499206543, -4.073645114898682, 0.33253881335258484, 4.6095871925354, -6.672699928283691, -6.871945381164551, -4.001703262329102, 2.7180211544036865, -5.314128398895264, -0.6774654984474182, 4.580140113830566, -3.8354172706604004, 3.5531022548675537, -10.531671524047852, 1.999878168106079, 1.5867047309875488, 8.784795761108398, -6.075349807739258, -8.685290336608887, -8.209447860717773, -14.22453498840332, 2.7277355194091797, 2.4562671184539795
true: -0.5322292447090149, -4.210381507873535, -0.3700870871543884, -3.9997589588165283, -0.48836758732795715, 3.5048272609710693, -5.15503454208374, -8.09781551361084, -5.305008888244629, 3.2190663814544678, -5.346777439117432, -0.4589471220970154, 4.1011223793029785, -3.794058322906494, 2.5744731426239014, -10.127001762390137, 1.7938177585601807, 1.1597182750701904, 9.030035972595215, -5.55839204788208, -9.67299747467041, -8.643365859985352, -14.068885803222656, 2.3778395652770996, 2.0929691791534424
-------------
pred: -2.820651054382324, -1.635571837425232, 6.880465984344482, -3.4554686546325684, 4.787840366363525, 3.9811697006225586, 6.101399898529053, -1.4445602893829346, 4.775161266326904, 0.31530657410621643, 3.857351064682007, -8.176376342773438, 0.7267229557037354, -7.588772296905518, -4.731358051300049, -4.11936092376709, -5.674760341644287, -0.5908831357955933, 3.5102429389953613, -3.112853765487671, -0.3974887430667877, 0.5348896384239197, 1.5873667001724243, -1.4609391689300537, 12.99555492401123
true: -3.334575891494751, -1.358736515045166, 5.740764141082764, -3.402467966079712, 3.653334856033325, 3.7765252590179443, 5.5057759284973145, -2.354271650314331, 4.773440361022949, -0.5887225270271301, 2.3019661903381348, -6.924391269683838, -0.3410358130931854, -6.798745632171631, -5.12185525894165, -4.610788345336914, -4.860245704650879, 0.8507734537124634, 3.638747215270996, -2.339717149734497, -0.2730712592601776, 1.4865491390228271, 0.877433717250824, -1.3107342720031738, 14.050894737243652
-------------
pred: 0.4427981972694397, -2.0293660163879395, 7.079777717590332, -7.345477104187012, -11.815472602844238, 8.177218437194824, -6.133137226104736, -3.230916738510132, 2.6162073612213135, 0.16797365248203278, 5.4832282066345215, -0.6855604648590088, -4.931193828582764, -2.0019869804382324, 0.6007826328277588, -8.997563362121582, 5.376669883728027, 3.589609384536743, 4.039373874664307, 2.594825029373169, 5.958725929260254, -4.506906986236572, 0.19956718385219574, -9.284674644470215, -6.417644500732422
true: 0.3321017920970917, -1.7565367221832275, 6.163038730621338, -7.678598880767822, -11.632720947265625, 9.184347152709961, -7.31458044052124, -3.8304779529571533, 1.0143077373504639, 0.17706920206546783, 4.81936502456665, -0.07447874546051025, -5.9705305099487305, -1.9669718742370605, 1.0296744108200073, -10.614142417907715, 4.772233963012695, 2.4381587505340576, 4.592507362365723, 3.520421266555786, 6.057053565979004, -3.715334415435791, 0.21436169743537903, -9.658347129821777, -6.345494747161865
-------------
pred: -1.9245994091033936, 5.687057971954346, 8.615906715393066, -0.9469292163848877, 1.6141009330749512, -15.659249305725098, 4.1144490242004395, -11.062125205993652, -5.262146472930908, 7.360235691070557, -0.548189640045166, 9.810066223144531, 1.3121978044509888, 1.0943748950958252, 2.098782539367676, 10.325119972229004, -9.529666900634766, -4.964637756347656, 1.6271557807922363, 6.391762733459473, 4.486974239349365, -4.282960414886475, 3.920579433441162, 7.794012546539307, -5.457040309906006
true: -1.908301591873169, 5.6455841064453125, 9.467765808105469, -1.5451738834381104, 0.7557486295700073, -15.579460144042969, 4.620724201202393, -9.669838905334473, -5.610499858856201, 8.14935302734375, -0.18950001895427704, 9.062318801879883, 0.4906907379627228, 1.3549561500549316, 1.2171683311462402, 9.535056114196777, -9.700814247131348, -5.122287273406982, 2.316375970840454, 4.988781929016113, 4.488027572631836, -4.9067182540893555, 3.3667049407958984, 7.292976379394531, -4.761057376861572
-------------
pred: -0.6278366446495056, -5.722558498382568, -8.31630802154541, -0.15478554368019104, 4.78737211227417, -16.48148536682129, 4.986804962158203, -0.8395163416862488, -4.596731662750244, -6.776742458343506, -1.0868865251541138, -7.360121250152588, 9.46615219116211, 1.0508127212524414, -8.31098461151123, 6.56266975402832, 6.993423938751221, -2.432170867919922, 2.364819288253784, -2.781558036804199, -4.727860927581787, -2.400444984436035, 17.039142608642578, -5.101203441619873, 9.253262519836426
true: -0.16506077349185944, -5.776434898376465, -8.568458557128906, 0.16993580758571625, 4.0310282707214355, -17.234861373901367, 4.970653057098389, -1.5733524560928345, -4.53575325012207, -7.93858528137207, -0.328611820936203, -7.847352504730225, 9.36468505859375, 0.8666167855262756, -8.757832527160645, 7.171322345733643, 5.792440414428711, -1.5838520526885986, 1.9750885963439941, -3.1936988830566406, -5.616011142730713, -1.5233579874038696, 17.669397354125977, -5.144651412963867, 8.673711776733398
-------------
pred: 2.7525038719177246, -4.053765296936035, 4.142347812652588, -4.982218265533447, -7.117735862731934, -2.315920114517212, -8.381949424743652, 4.70721435546875, 17.7218074798584, 1.4448248147964478, -5.914710521697998, -0.7901061177253723, 0.4467892646789551, 3.4166009426116943, 2.0350587368011475, -6.9561076164245605, -7.506027698516846, 8.691835403442383, -3.2569797039031982, -3.439342975616455, 7.512521266937256, -2.2466230392456055, -3.2404844760894775, -6.093803405761719, -5.452674865722656
true: 2.1773946285247803, -4.199880599975586, 3.888604164123535, -5.429228782653809, -7.310901165008545, -1.5395188331604004, -8.06394100189209, 4.124086856842041, 18.852750778198242, 0.2957121729850769, -5.8460164070129395, 0.6373465657234192, 0.19949981570243835, 3.8433756828308105, 2.017808437347412, -6.612408638000488, -8.72512435913086, 7.785541534423828, -3.065169334411621, -3.540630578994751, 8.240950584411621, -2.5557100772857666, -4.177678108215332, -5.449188232421875, -6.522791862487793
-------------
pred: -0.6872374415397644, -0.5765258073806763, 10.235894203186035, -5.270450592041016, -2.826530933380127, -5.307514667510986, 6.4756550788879395, 2.7568717002868652, -8.913190841674805, 3.2181344032287598, 2.7629613876342773, -1.1128689050674438, -5.044513702392578, 0.48373326659202576, 4.43025016784668, 4.002257347106934, 3.347482204437256, 1.8754069805145264, 4.869399070739746, -6.903267860412598, 4.213841438293457, -3.0539252758026123, -0.1053699180483818, 9.163734436035156, -6.981527805328369
true: -0.18024004995822906, -1.2329052686691284, 9.831714630126953, -4.590207099914551, -3.875347375869751, -6.3240437507629395, 6.65622615814209, 1.9712203741073608, -9.04300594329834, 3.107814311981201, 1.731036901473999, -0.07912544161081314, -5.0726847648620605, -0.08642466366291046, 4.415769100189209, 4.100731372833252, 4.248879909515381, 0.6941573619842529, 4.115406036376953, -8.171331405639648, 3.657120943069458, -3.373262882232666, 0.9269318580627441, 8.366522789001465, -6.522724151611328
-------------
pred: 0.8862769603729248, 0.6877939701080322, 7.326251029968262, -4.438760280609131, 4.8290324211120605, 1.2802060842514038, 1.8894426822662354, -6.161292552947998, 2.7954835891723633, -2.3635339736938477, -2.9394912719726562, 2.856966257095337, -5.245199680328369, 3.5291922092437744, 4.2382049560546875, 1.9820730686187744, -0.8630942106246948, -5.2740888595581055, 1.1965069770812988, -5.5632100105285645, 0.7160260677337646, 2.2648587226867676, -3.188483953475952, 0.556002140045166, 6.245212078094482
true: -0.25318747758865356, 1.5371646881103516, 7.054044723510742, -5.65930700302124, 4.453300476074219, 0.7121760845184326, 1.6640790700912476, -6.1977925300598145, 2.0092527866363525, -1.9461036920547485, -3.7546262741088867, 2.6985247135162354, -5.175922393798828, 3.2931344509124756, 4.019094944000244, 1.8647133111953735, -0.54413902759552, -4.318871974945068, 2.00718092918396, -5.139666557312012, -0.410284161567688, 1.375196099281311, -3.1940948963165283, -0.3316386342048645, 6.988840103149414
-------------
pred: 12.403468132019043, 4.068711280822754, -2.9287948608398438, -2.640467882156372, -3.301950454711914, 0.3413480818271637, 3.4969329833984375, 5.120652675628662, 5.044519424438477, -2.74615740776062, 6.995586395263672, 5.1187944412231445, -6.663870334625244, 2.4385321140289307, -10.571100234985352, -1.7167770862579346, 0.1584758162498474, -2.7344956398010254, 3.1454989910125732, 10.705078125, 4.515687942504883, 8.921720504760742, -1.353044033050537, -4.420726299285889, 3.234846830368042
true: 12.518773078918457, 4.401166915893555, -2.7097315788269043, -2.5451345443725586, -2.6617867946624756, -0.8859903216362, 2.8435537815093994, 3.5670933723449707, 4.733841896057129, -3.1340489387512207, 7.689722537994385, 3.558924436569214, -6.370551109313965, 1.7755132913589478, -9.917159080505371, -1.2488071918487549, 0.006566987838596106, -2.4579367637634277, 1.4883164167404175, 9.789328575134277, 4.542263031005859, 8.280736923217773, -1.7047466039657593, -4.808679580688477, 3.265489101409912
-------------
pred: 8.224527359008789, -8.337690353393555, 4.004745006561279, -7.2962727546691895, 2.220125675201416, -2.0781707763671875, 3.522453546524048, -0.5338739156723022, 1.0727912187576294, -9.04319953918457, -0.7673382759094238, -0.17578533291816711, 6.839766025543213, -2.7407515048980713, 3.0571398735046387, 2.5540127754211426, -2.1052470207214355, 0.6742472648620605, 0.6362848877906799, -0.24761855602264404, -3.9023184776306152, -7.631381988525391, -1.860414743423462, -1.080326795578003, -2.927079439163208
true: 7.996415615081787, -7.939825534820557, 3.04677677154541, -6.880259990692139, 1.70639169216156, -1.214264988899231, 3.4007275104522705, -0.5608663558959961, 0.45338174700737, -8.432144165039062, 0.5897098183631897, 0.3483887016773224, 6.021823406219482, -2.622392177581787, 2.0505878925323486, 1.904642939567566, -3.270873785018921, 1.4810985326766968, 1.4202526807785034, -1.1787928342819214, -4.494845390319824, -6.835107326507568, -1.6460914611816406, -2.1563258171081543, -4.259124279022217
-------------
pred: -7.963598251342773, -6.447036266326904, -7.3879780769348145, -4.596981525421143, 2.2511701583862305, -0.9606208801269531, 4.889055252075195, -4.303398609161377, -5.467112064361572, 0.8771445155143738, 5.482781887054443, -6.228102684020996, 2.697855234146118, -1.8267455101013184, -7.401610374450684, -1.1016790866851807, -7.105093002319336, -0.4705426096916199, 2.4274306297302246, 16.785253524780273, -4.554776191711426, -2.314937114715576, -0.33227604627609253, -5.272582530975342, -2.2379109859466553
true: -8.466629028320312, -6.691370964050293, -6.1290388107299805, -4.44813346862793, 1.113526701927185, -1.1189255714416504, 5.651727676391602, -3.685817003250122, -5.427849292755127, 0.8278723359107971, 6.173882484436035, -5.4965434074401855, 3.594526767730713, -1.2954328060150146, -7.0702691078186035, -0.5244166851043701, -6.69271183013916, -0.8454766869544983, 0.7733394503593445, 17.066219329833984, -5.200406551361084, -1.6562262773513794, -0.9540019035339355, -5.258115291595459, -1.3879395723342896
-------------
pred: 3.5846619606018066, 0.5325582027435303, 1.2381134033203125, 6.731276035308838, -0.918807327747345, 8.399513244628906, 2.244572401046753, -0.710576057434082, 8.715639114379883, -1.2158957719802856, -0.8422001004219055, 0.8221306800842285, -3.6374435424804688, -5.759280204772949, 5.670744895935059, 2.7162294387817383, 0.5535199046134949, 0.5277976989746094, -3.097317934036255, -3.4322056770324707, 4.653750896453857, 3.517202138900757, -2.480208158493042, -6.37291145324707, 2.710442066192627
true: 3.5273349285125732, 0.5597590804100037, 1.6358556747436523, 6.00674295425415, -2.043731927871704, 7.131030559539795, 2.3391880989074707, 0.17610275745391846, 8.877225875854492, -0.7160792350769043, -0.8632852435112, -0.02996879070997238, -4.016801357269287, -5.511446952819824, 5.331371784210205, 2.790372610092163, 0.15753179788589478, -0.09817799925804138, -2.6376397609710693, -3.354767084121704, 4.340066432952881, 4.800565719604492, -2.787605047225952, -8.027816772460938, 2.246115207672119
-------------
